15	7	U	-1.1118470286267973E7	93
probinit	1	0.0
probinit	2	1.2225451531671E-310
probinit	3	0.0
probinit	4	0.0
probinit	5	0.0
probinit	6	0.0
probinit	7	0.0
probinit	8	4.504868046547938E-251
probinit	9	6.791894528305071E-185
probinit	10	0.0
probinit	11	2.015473426975116E-281
probinit	12	0.0
probinit	13	0.0
probinit	14	4.3078994543052416E-185
probinit	15	1.0
transitionprobs	1	1	0.759643365658541
transitionprobs	1	2	0.08053098222481872
transitionprobs	1	3	0.04113016124131113
transitionprobs	1	4	3.5616056494134013E-4
transitionprobs	1	5	0.11453057287002691
transitionprobs	1	6	7.473045855945863E-4
transitionprobs	1	7	0.0011978709674714074
transitionprobs	1	8	5.759709071220205E-4
transitionprobs	1	9	0.0
transitionprobs	1	10	0.0
transitionprobs	1	11	6.121652869932077E-7
transitionprobs	1	12	0.0012544370313235542
transitionprobs	1	13	0.0
transitionprobs	1	14	0.0
transitionprobs	1	15	3.256178356235157E-5
transitionprobs	2	1	0.13369631804700463
transitionprobs	2	2	0.4366683128008059
transitionprobs	2	3	0.18206056182755548
transitionprobs	2	4	0.02968968735090592
transitionprobs	2	5	0.005752228958764736
transitionprobs	2	6	6.725430938636945E-5
transitionprobs	2	7	0.001118593973793597
transitionprobs	2	8	0.024042804499026772
transitionprobs	2	9	0.0017365126794133359
transitionprobs	2	10	4.1523894931640566E-4
transitionprobs	2	11	5.173738603972278E-5
transitionprobs	2	12	0.04723473819978517
transitionprobs	2	13	1.7816119912988142E-4
transitionprobs	2	14	0.0060198636849325025
transitionprobs	2	15	0.1312679861341395
transitionprobs	3	1	0.020851687066988797
transitionprobs	3	2	0.051286083264567205
transitionprobs	3	3	0.5553423346114577
transitionprobs	3	4	0.011176814169981885
transitionprobs	3	5	0.04449707879782507
transitionprobs	3	6	7.78237247623348E-4
transitionprobs	3	7	0.011376012504178827
transitionprobs	3	8	0.2866073419319101
transitionprobs	3	9	4.899980583996672E-4
transitionprobs	3	10	0.006909365818268323
transitionprobs	3	11	0.0
transitionprobs	3	12	2.8391660018475833E-4
transitionprobs	3	13	1.6315778670394645E-5
transitionprobs	3	14	5.502265728573182E-5
transitionprobs	3	15	0.010329791492658023
transitionprobs	4	1	5.05436997282056E-4
transitionprobs	4	2	0.018170649740178974
transitionprobs	4	3	0.02348981150851852
transitionprobs	4	4	0.7924376887617031
transitionprobs	4	5	0.0
transitionprobs	4	6	0.0
transitionprobs	4	7	1.330192066795482E-4
transitionprobs	4	8	0.005697176552627439
transitionprobs	4	9	0.016350497195047255
transitionprobs	4	10	0.14061991832127455
transitionprobs	4	11	0.0
transitionprobs	4	12	0.0010016257954482963
transitionprobs	4	13	0.0
transitionprobs	4	14	0.0
transitionprobs	4	15	0.001594175921240442
transitionprobs	5	1	0.08587905936398046
transitionprobs	5	2	0.002168925629444137
transitionprobs	5	3	0.06783910701164458
transitionprobs	5	4	0.0
transitionprobs	5	5	0.6803412129508967
transitionprobs	5	6	0.11580398895247113
transitionprobs	5	7	0.014506982886581156
transitionprobs	5	8	0.031001778929986436
transitionprobs	5	9	0.0
transitionprobs	5	10	0.0
transitionprobs	5	11	0.0
transitionprobs	5	12	0.002050014860849752
transitionprobs	5	13	0.0
transitionprobs	5	14	0.0
transitionprobs	5	15	4.089294141455968E-4
transitionprobs	6	1	4.1515131039655736E-4
transitionprobs	6	2	4.607723526269131E-6
transitionprobs	6	3	9.549710716528042E-4
transitionprobs	6	4	0.0
transitionprobs	6	5	0.0811658251792516
transitionprobs	6	6	0.7447025273639899
transitionprobs	6	7	0.020466033931916906
transitionprobs	6	8	0.1353724783013141
transitionprobs	6	9	0.0
transitionprobs	6	10	0.0
transitionprobs	6	11	3.207647437800886E-4
transitionprobs	6	12	0.012831386643373091
transitionprobs	6	13	0.0
transitionprobs	6	14	1.842876437319129E-4
transitionprobs	6	15	0.0035819660870667373
transitionprobs	7	1	2.6241903843928464E-4
transitionprobs	7	2	1.7163497816351502E-4
transitionprobs	7	3	0.005568375769621709
transitionprobs	7	4	4.524052102471126E-5
transitionprobs	7	5	0.004504027196751366
transitionprobs	7	6	0.008936304285838881
transitionprobs	7	7	0.8611533477556904
transitionprobs	7	8	0.03302052455908164
transitionprobs	7	9	0.0
transitionprobs	7	10	7.4975475907688E-5
transitionprobs	7	11	0.0846298983613131
transitionprobs	7	12	9.965784219086351E-4
transitionprobs	7	13	0.0
transitionprobs	7	14	0.0
transitionprobs	7	15	6.366736362589177E-4
transitionprobs	8	1	3.781712005241635E-5
transitionprobs	8	2	7.227972580229101E-4
transitionprobs	8	3	0.02973550138405014
transitionprobs	8	4	2.8200384957601E-4
transitionprobs	8	5	0.0020423125459999004
transitionprobs	8	6	0.01348329619637395
transitionprobs	8	7	0.0071194489697206775
transitionprobs	8	8	0.8122853597065947
transitionprobs	8	9	0.0010757650380604185
transitionprobs	8	10	0.002409376427457919
transitionprobs	8	11	0.0033104820971556724
transitionprobs	8	12	0.002599832463720184
transitionprobs	8	13	0.0
transitionprobs	8	14	0.0013456966333913578
transitionprobs	8	15	0.1235503103098239
transitionprobs	9	1	0.0
transitionprobs	9	2	6.076983367639763E-4
transitionprobs	9	3	3.9733911715669886E-4
transitionprobs	9	4	0.007191685080966019
transitionprobs	9	5	0.0
transitionprobs	9	6	0.0
transitionprobs	9	7	5.812514379471179E-6
transitionprobs	9	8	0.009794514174500371
transitionprobs	9	9	0.8266984155569378
transitionprobs	9	10	0.07400114374506835
transitionprobs	9	11	1.6541815735955344E-4
transitionprobs	9	12	9.764843185733579E-4
transitionprobs	9	13	0.0
transitionprobs	9	14	0.0010594558864230154
transitionprobs	9	15	0.07910203311187128
transitionprobs	10	1	0.0
transitionprobs	10	2	3.0064823254533806E-4
transitionprobs	10	3	0.011781034029427238
transitionprobs	10	4	0.13579854525264776
transitionprobs	10	5	0.0
transitionprobs	10	6	0.0
transitionprobs	10	7	3.626385321320241E-4
transitionprobs	10	8	0.04391846137232737
transitionprobs	10	9	0.16642387310571272
transitionprobs	10	10	0.6312594879180029
transitionprobs	10	11	1.254220615559231E-4
transitionprobs	10	12	4.34427086292334E-4
transitionprobs	10	13	0.0
transitionprobs	10	14	1.3394918190360884E-4
transitionprobs	10	15	0.00946151322745283
transitionprobs	11	1	0.0
transitionprobs	11	2	0.0
transitionprobs	11	3	0.0
transitionprobs	11	4	0.0
transitionprobs	11	5	0.0
transitionprobs	11	6	4.6093918577263245E-5
transitionprobs	11	7	0.026757920297872592
transitionprobs	11	8	0.0046013144481388685
transitionprobs	11	9	3.66717050611242E-5
transitionprobs	11	10	1.2596884750002954E-5
transitionprobs	11	11	0.9444814188061608
transitionprobs	11	12	0.0012991816993540891
transitionprobs	11	13	0.0
transitionprobs	11	14	1.3557925889702853E-4
transitionprobs	11	15	0.022629222981188097
transitionprobs	12	1	0.0010664093739207357
transitionprobs	12	2	0.01666774002755739
transitionprobs	12	3	4.967728744808347E-4
transitionprobs	12	4	4.609547213069612E-4
transitionprobs	12	5	0.0017863629453113
transitionprobs	12	6	0.01348530801282952
transitionprobs	12	7	0.0026111830284405776
transitionprobs	12	8	0.027787686564173998
transitionprobs	12	9	0.001513611163845898
transitionprobs	12	10	2.697459936203959E-4
transitionprobs	12	11	0.01016618870859581
transitionprobs	12	12	0.7673625597529442
transitionprobs	12	13	0.05615287515900492
transitionprobs	12	14	0.045017084999775164
transitionprobs	12	15	0.05515551667419224
transitionprobs	13	1	4.98025528590087E-6
transitionprobs	13	2	9.786341499857859E-5
transitionprobs	13	3	0.0
transitionprobs	13	4	0.0
transitionprobs	13	5	0.0
transitionprobs	13	6	0.0
transitionprobs	13	7	0.0
transitionprobs	13	8	0.0
transitionprobs	13	9	4.8456217139674165E-8
transitionprobs	13	10	2.2840756552376534E-7
transitionprobs	13	11	0.0
transitionprobs	13	12	0.016587847603371703
transitionprobs	13	13	0.8491567104454731
transitionprobs	13	14	0.12916900019821198
transitionprobs	13	15	0.004983321218876103
transitionprobs	14	1	0.0
transitionprobs	14	2	2.1679001292367384E-4
transitionprobs	14	3	3.6868410607021876E-6
transitionprobs	14	4	1.0202517967018182E-5
transitionprobs	14	5	4.814715062486583E-6
transitionprobs	14	6	3.487366981699634E-5
transitionprobs	14	7	0.0
transitionprobs	14	8	0.0021725599296493537
transitionprobs	14	9	2.1346216710410338E-4
transitionprobs	14	10	1.298659508612143E-5
transitionprobs	14	11	1.0682249097612204E-4
transitionprobs	14	12	0.006060489122295649
transitionprobs	14	13	0.06012082665462138
transitionprobs	14	14	0.7935396850982284
transitionprobs	14	15	0.13750280018520833
transitionprobs	15	1	0.0
transitionprobs	15	2	3.244668547341295E-4
transitionprobs	15	3	8.301678364447981E-5
transitionprobs	15	4	5.876283555281746E-6
transitionprobs	15	5	3.0727554805447933E-6
transitionprobs	15	6	2.6306552284788068E-5
transitionprobs	15	7	1.2823966140931959E-5
transitionprobs	15	8	0.010195413036813473
transitionprobs	15	9	7.7056052604011E-4
transitionprobs	15	10	4.397143077681094E-5
transitionprobs	15	11	0.001313071319705352
transitionprobs	15	12	4.2055448819748153E-4
transitionprobs	15	13	1.2384217442577958E-4
transitionprobs	15	14	0.0072607302024888095
transitionprobs	15	15	0.9794162936257119
emissionprobs	1	0	H3K27ac	0	0.03453734642374625
emissionprobs	1	0	H3K27ac	1	0.9654626535762538
emissionprobs	1	1	H3K27me3	0	0.9971284011500943
emissionprobs	1	1	H3K27me3	1	0.0028715988499057594
emissionprobs	1	2	H3K36me3	0	0.9815122038741618
emissionprobs	1	2	H3K36me3	1	0.01848779612583817
emissionprobs	1	3	H3K4me1	0	0.9999636925123997
emissionprobs	1	3	H3K4me1	1	3.6307487600333655E-5
emissionprobs	1	4	H3K4me3	0	0.001654944969701346
emissionprobs	1	4	H3K4me3	1	0.9983450550302987
emissionprobs	1	5	H3K9me3	0	0.9973319175003957
emissionprobs	1	5	H3K9me3	1	0.0026680824996042816
emissionprobs	1	6	H4K20me3	0	0.9781219016784902
emissionprobs	1	6	H4K20me3	1	0.021878098321509873
emissionprobs	2	0	H3K27ac	0	0.9110233822524281
emissionprobs	2	0	H3K27ac	1	0.08897661774757193
emissionprobs	2	1	H3K27me3	0	0.9780894143087668
emissionprobs	2	1	H3K27me3	1	0.02191058569123328
emissionprobs	2	2	H3K36me3	0	0.9985572392423476
emissionprobs	2	2	H3K36me3	1	0.001442760757652428
emissionprobs	2	3	H3K4me1	0	0.9030757995658926
emissionprobs	2	3	H3K4me1	1	0.09692420043410738
emissionprobs	2	4	H3K4me3	0	0.03533413490256893
emissionprobs	2	4	H3K4me3	1	0.9646658650974311
emissionprobs	2	5	H3K9me3	0	0.9832559335724743
emissionprobs	2	5	H3K9me3	1	0.016744066427525725
emissionprobs	2	6	H4K20me3	0	0.9389523872686867
emissionprobs	2	6	H4K20me3	1	0.06104761273131329
emissionprobs	3	0	H3K27ac	0	0.9575392764653018
emissionprobs	3	0	H3K27ac	1	0.042460723534698305
emissionprobs	3	1	H3K27me3	0	0.9844973636308573
emissionprobs	3	1	H3K27me3	1	0.015502636369142685
emissionprobs	3	2	H3K36me3	0	0.9853456777589752
emissionprobs	3	2	H3K36me3	1	0.014654322241024776
emissionprobs	3	3	H3K4me1	0	0.009769489558645926
emissionprobs	3	3	H3K4me1	1	0.990230510441354
emissionprobs	3	4	H3K4me3	0	0.00931218594931538
emissionprobs	3	4	H3K4me3	1	0.9906878140506845
emissionprobs	3	5	H3K9me3	0	0.9993865843336174
emissionprobs	3	5	H3K9me3	1	6.134156663825314E-4
emissionprobs	3	6	H4K20me3	0	0.9956190034285591
emissionprobs	3	6	H4K20me3	1	0.004380996571440797
emissionprobs	4	0	H3K27ac	0	0.9819499209005377
emissionprobs	4	0	H3K27ac	1	0.01805007909946228
emissionprobs	4	1	H3K27me3	0	0.07135126727808921
emissionprobs	4	1	H3K27me3	1	0.9286487327219108
emissionprobs	4	2	H3K36me3	0	0.9954353268735784
emissionprobs	4	2	H3K36me3	1	0.00456467312642153
emissionprobs	4	3	H3K4me1	0	0.12407767801423404
emissionprobs	4	3	H3K4me1	1	0.8759223219857659
emissionprobs	4	4	H3K4me3	0	7.927719757965053E-48
emissionprobs	4	4	H3K4me3	1	1.0
emissionprobs	4	5	H3K9me3	0	0.9870884137629584
emissionprobs	4	5	H3K9me3	1	0.01291158623704162
emissionprobs	4	6	H4K20me3	0	0.9345100862388322
emissionprobs	4	6	H4K20me3	1	0.06548991376116788
emissionprobs	5	0	H3K27ac	0	0.03359337433705413
emissionprobs	5	0	H3K27ac	1	0.9664066256629459
emissionprobs	5	1	H3K27me3	0	0.9997309861334143
emissionprobs	5	1	H3K27me3	1	2.6901386658564474E-4
emissionprobs	5	2	H3K36me3	0	0.9152179231137237
emissionprobs	5	2	H3K36me3	1	0.08478207688627631
emissionprobs	5	3	H3K4me1	0	0.004594514051206769
emissionprobs	5	3	H3K4me1	1	0.9954054859487933
emissionprobs	5	4	H3K4me3	0	0.008947165820832624
emissionprobs	5	4	H3K4me3	1	0.9910528341791675
emissionprobs	5	5	H3K9me3	0	0.9966410112496985
emissionprobs	5	5	H3K9me3	1	0.003358988750301456
emissionprobs	5	6	H4K20me3	0	0.9951644015256588
emissionprobs	5	6	H4K20me3	1	0.004835598474341229
emissionprobs	6	0	H3K27ac	0	0.25011657990729325
emissionprobs	6	0	H3K27ac	1	0.7498834200927068
emissionprobs	6	1	H3K27me3	0	0.9999841103544579
emissionprobs	6	1	H3K27me3	1	1.5889645542124858E-5
emissionprobs	6	2	H3K36me3	0	0.9699977341792191
emissionprobs	6	2	H3K36me3	1	0.030002265820780877
emissionprobs	6	3	H3K4me1	0	0.02098714053391715
emissionprobs	6	3	H3K4me1	1	0.9790128594660829
emissionprobs	6	4	H3K4me3	0	0.9745635521264254
emissionprobs	6	4	H3K4me3	1	0.025436447873574658
emissionprobs	6	5	H3K9me3	0	0.9913558988546791
emissionprobs	6	5	H3K9me3	1	0.008644101145320864
emissionprobs	6	6	H4K20me3	0	0.9909856518352308
emissionprobs	6	6	H4K20me3	1	0.009014348164769122
emissionprobs	7	0	H3K27ac	0	0.8585730231469746
emissionprobs	7	0	H3K27ac	1	0.14142697685302538
emissionprobs	7	1	H3K27me3	0	0.9994560135614579
emissionprobs	7	1	H3K27me3	1	5.439864385421149E-4
emissionprobs	7	2	H3K36me3	0	0.13638021716977788
emissionprobs	7	2	H3K36me3	1	0.8636197828302221
emissionprobs	7	3	H3K4me1	0	0.0720720217346121
emissionprobs	7	3	H3K4me1	1	0.9279279782653879
emissionprobs	7	4	H3K4me3	0	0.9490191997708647
emissionprobs	7	4	H3K4me3	1	0.05098080022913529
emissionprobs	7	5	H3K9me3	0	0.9959982333557633
emissionprobs	7	5	H3K9me3	1	0.00400176664423671
emissionprobs	7	6	H4K20me3	0	0.9995444206159356
emissionprobs	7	6	H4K20me3	1	4.555793840643725E-4
emissionprobs	8	0	H3K27ac	0	0.9938094945191431
emissionprobs	8	0	H3K27ac	1	0.006190505480856854
emissionprobs	8	1	H3K27me3	0	0.9962865788366246
emissionprobs	8	1	H3K27me3	1	0.003713421163375402
emissionprobs	8	2	H3K36me3	0	0.9914095891581524
emissionprobs	8	2	H3K36me3	1	0.008590410841847591
emissionprobs	8	3	H3K4me1	0	0.09313240618418779
emissionprobs	8	3	H3K4me1	1	0.9068675938158123
emissionprobs	8	4	H3K4me3	0	0.9999999996766742
emissionprobs	8	4	H3K4me3	1	3.23325759943859E-10
emissionprobs	8	5	H3K9me3	0	0.9969651834967846
emissionprobs	8	5	H3K9me3	1	0.003034816503215297
emissionprobs	8	6	H4K20me3	0	0.9973377581118319
emissionprobs	8	6	H4K20me3	1	0.0026622418881681272
emissionprobs	9	0	H3K27ac	0	0.9992513741294067
emissionprobs	9	0	H3K27ac	1	7.486258705933858E-4
emissionprobs	9	1	H3K27me3	0	0.4068758290301725
emissionprobs	9	1	H3K27me3	1	0.5931241709698275
emissionprobs	9	2	H3K36me3	0	0.9984561881914673
emissionprobs	9	2	H3K36me3	1	0.0015438118085327561
emissionprobs	9	3	H3K4me1	0	0.999819480808756
emissionprobs	9	3	H3K4me1	1	1.8051919124395947E-4
emissionprobs	9	4	H3K4me3	0	0.9997756166326739
emissionprobs	9	4	H3K4me3	1	2.2438336732607614E-4
emissionprobs	9	5	H3K9me3	0	0.9849106585586729
emissionprobs	9	5	H3K9me3	1	0.01508934144132717
emissionprobs	9	6	H4K20me3	0	0.9972864992172843
emissionprobs	9	6	H4K20me3	1	0.0027135007827156533
emissionprobs	10	0	H3K27ac	0	0.9996272912449679
emissionprobs	10	0	H3K27ac	1	3.72708755032111E-4
emissionprobs	10	1	H3K27me3	0	0.18990189975777422
emissionprobs	10	1	H3K27me3	1	0.8100981002422257
emissionprobs	10	2	H3K36me3	0	0.9959227666953184
emissionprobs	10	2	H3K36me3	1	0.004077233304681607
emissionprobs	10	3	H3K4me1	0	0.022823001365628825
emissionprobs	10	3	H3K4me1	1	0.9771769986343712
emissionprobs	10	4	H3K4me3	0	0.9999999999999999
emissionprobs	10	4	H3K4me3	1	1.30877027765304E-16
emissionprobs	10	5	H3K9me3	0	0.9920916839744018
emissionprobs	10	5	H3K9me3	1	0.007908316025598192
emissionprobs	10	6	H4K20me3	0	0.9956871250477933
emissionprobs	10	6	H4K20me3	1	0.004312874952206745
emissionprobs	11	0	H3K27ac	0	0.9929495023002931
emissionprobs	11	0	H3K27ac	1	0.00705049769970697
emissionprobs	11	1	H3K27me3	0	0.9998970087513739
emissionprobs	11	1	H3K27me3	1	1.0299124862605272E-4
emissionprobs	11	2	H3K36me3	0	0.22177604540557688
emissionprobs	11	2	H3K36me3	1	0.7782239545944231
emissionprobs	11	3	H3K4me1	0	0.9850415639332342
emissionprobs	11	3	H3K4me1	1	0.014958436066765888
emissionprobs	11	4	H3K4me3	0	0.9999846092014659
emissionprobs	11	4	H3K4me3	1	1.5390798534029994E-5
emissionprobs	11	5	H3K9me3	0	0.9946131344138439
emissionprobs	11	5	H3K9me3	1	0.005386865586156113
emissionprobs	11	6	H4K20me3	0	0.9997897129911893
emissionprobs	11	6	H4K20me3	1	2.102870088106993E-4
emissionprobs	12	0	H3K27ac	0	0.7185086376952752
emissionprobs	12	0	H3K27ac	1	0.2814913623047249
emissionprobs	12	1	H3K27me3	0	0.9606724132649576
emissionprobs	12	1	H3K27me3	1	0.03932758673504242
emissionprobs	12	2	H3K36me3	0	0.7733344061519863
emissionprobs	12	2	H3K36me3	1	0.22666559384801369
emissionprobs	12	3	H3K4me1	0	0.5795465702076186
emissionprobs	12	3	H3K4me1	1	0.42045342979238143
emissionprobs	12	4	H3K4me3	0	0.8518799495362214
emissionprobs	12	4	H3K4me3	1	0.14812005046377855
emissionprobs	12	5	H3K9me3	0	0.10635944480161412
emissionprobs	12	5	H3K9me3	1	0.8936405551983858
emissionprobs	12	6	H4K20me3	0	0.3673202976766873
emissionprobs	12	6	H4K20me3	1	0.6326797023233127
emissionprobs	13	0	H3K27ac	0	0.9935922338950549
emissionprobs	13	0	H3K27ac	1	0.006407766104945106
emissionprobs	13	1	H3K27me3	0	0.9992138695823682
emissionprobs	13	1	H3K27me3	1	7.861304176317301E-4
emissionprobs	13	2	H3K36me3	0	0.9971093662685011
emissionprobs	13	2	H3K36me3	1	0.0028906337314989236
emissionprobs	13	3	H3K4me1	0	0.9986764452604688
emissionprobs	13	3	H3K4me1	1	0.0013235547395312203
emissionprobs	13	4	H3K4me3	0	0.9980464794454271
emissionprobs	13	4	H3K4me3	1	0.001953520554572956
emissionprobs	13	5	H3K9me3	0	0.00222098241258284
emissionprobs	13	5	H3K9me3	1	0.9977790175874172
emissionprobs	13	6	H4K20me3	0	0.12498219491404526
emissionprobs	13	6	H4K20me3	1	0.8750178050859547
emissionprobs	14	0	H3K27ac	0	0.9994626464540562
emissionprobs	14	0	H3K27ac	1	5.373535459437149E-4
emissionprobs	14	1	H3K27me3	0	0.9981904519123156
emissionprobs	14	1	H3K27me3	1	0.0018095480876843214
emissionprobs	14	2	H3K36me3	0	0.9991321077376142
emissionprobs	14	2	H3K36me3	1	8.678922623857839E-4
emissionprobs	14	3	H3K4me1	0	0.9979666422117154
emissionprobs	14	3	H3K4me1	1	0.002033357788284528
emissionprobs	14	4	H3K4me3	0	0.9998233064536635
emissionprobs	14	4	H3K4me3	1	1.7669354633658736E-4
emissionprobs	14	5	H3K9me3	0	0.2960871282709825
emissionprobs	14	5	H3K9me3	1	0.7039128717290174
emissionprobs	14	6	H4K20me3	0	0.9404684689510344
emissionprobs	14	6	H4K20me3	1	0.05953153104896549
emissionprobs	15	0	H3K27ac	0	0.9998453510453208
emissionprobs	15	0	H3K27ac	1	1.5464895467922328E-4
emissionprobs	15	1	H3K27me3	0	0.9985396777956844
emissionprobs	15	1	H3K27me3	1	0.0014603222043155656
emissionprobs	15	2	H3K36me3	0	0.9988661776428104
emissionprobs	15	2	H3K36me3	1	0.0011338223571896455
emissionprobs	15	3	H3K4me1	0	0.9983955591189624
emissionprobs	15	3	H3K4me1	1	0.0016044408810375827
emissionprobs	15	4	H3K4me3	0	0.9999813673372638
emissionprobs	15	4	H3K4me3	1	1.8632662736208886E-5
emissionprobs	15	5	H3K9me3	0	0.9979936032293252
emissionprobs	15	5	H3K9me3	1	0.0020063967706747806
emissionprobs	15	6	H4K20me3	0	0.9995859241182865
emissionprobs	15	6	H4K20me3	1	4.140758817135088E-4
